+16572057456
+17144999109
+12064154346
+12064153807
+12084775626
+12063385695
+12063338163
+12064151765
+12064727677
+12063857948
+12063391198
+12063339785
+12063371895
+12063371502
+12063337781
+12063335355
+12069395728
+12063093764
+12063338517
+12063381193
+12063091726
+12063339186
+12063096444
+12063339479
+12063334851
+12062780336
+12068993444
+12067360715
+12064457228
+12062780416
+12064243012
+12064245674
+12064248054
+12064245363
+12064268817
+12064794633
+12064794135
+12062084867
+12064794099
+12064795405
+12064796299
+12064796979
+12067424464
+12067177868
+12065827471
+12062788727
+12062780003
+12062788503
+16572231274
+12064157715
+13343927903
+19362470086
+19366287862
+19362621364
+6285776092876
+18728701399
+6282258725514
+18727772866
+13343927903
+19528006289
+19362470086
+19366287862
+12064157715
+12062785345
+12062786921
+12063882387
+12069396866
+12063978168
+12068993150
+12063978425
>>AvoidUsingWhiteSpaceDontRemoveThisText<<
